#logMs GSMF_smooth GSMF Integral_GSMF GSMF_original logMhalo logvmax SHAM_logMhalo SHAM_logvmax
        9.02344        -2.27963        -2.32043        -2.30874        -2.27963         11.0608         2.00344         11.0532         2.00098            1
        9.04688        -2.28857        -2.32152        -2.31696        -2.28857         11.0728         2.00735         11.0661         2.00517            2
        9.07031        -2.29901        -2.32415        -2.32552        -2.29901         11.0851         2.01135         11.0791         2.00939            3
        9.09375        -2.31146         -2.3284        -2.33443        -2.31146         11.0976         2.01542         11.0921         2.01361            4
        9.11719        -2.32632        -2.33432        -2.34374        -2.32632         11.1104         2.01955          11.105         2.01781            5
        9.14062        -2.34293        -2.34197        -2.35347        -2.34293         11.1232         2.02373         11.1179         2.02198            6
        9.16406        -2.36001        -2.35135        -2.36365        -2.36001         11.1362         2.02794         11.1306          2.0261            7
         9.1875         -2.3763         -2.3624        -2.37432         -2.3763         11.1493         2.03218          11.143         2.03017            8
        9.21094        -2.39056          -2.375        -2.38547        -2.39056         11.1625         2.03641         11.1556          2.0342            9
        9.23438        -2.40258        -2.38897        -2.39712        -2.40258         11.1755         2.04063          11.168         2.03821           10
        9.25781        -2.41321        -2.40408        -2.40924        -2.41321         11.1886         2.04482         11.1806         2.04223           11
        9.28125        -2.42339         -2.4201        -2.42179        -2.42339         11.2015         2.04899          11.193         2.04626           12
        9.30469        -2.43405        -2.43674        -2.43472        -2.43405         11.2144          2.0531         11.2056          2.0503           13
        9.32812        -2.44583        -2.45374        -2.44797        -2.44583          11.227         2.05718         11.2182         2.05435           14
        9.35156        -2.45873        -2.47083        -2.46146        -2.45873         11.2396          2.0612         11.2308         2.05839           15
          9.375        -2.47267        -2.48777        -2.47508        -2.47267          11.252         2.06517         11.2434         2.06241           16
        9.39844        -2.48757        -2.50433        -2.48875        -2.48757         11.2643         2.06909         11.2559         2.06641           17
        9.42188        -2.50326        -2.52032        -2.50237        -2.50326         11.2765         2.07297         11.2683         2.07037           18
        9.44531        -2.51912        -2.53556        -2.51584        -2.51912         11.2885         2.07681         11.2806         2.07429           19
        9.46875        -2.53441        -2.54992        -2.52907        -2.53441         11.3005         2.08061         11.2928         2.07818           20
        9.49219         -2.5484        -2.56333        -2.54198         -2.5484         11.3124         2.08439         11.3049         2.08203           21
        9.51562         -2.5604        -2.57573         -2.5545         -2.5604         11.3242         2.08816          11.317         2.08587           22
        9.53906        -2.57057        -2.58712        -2.56659        -2.57057         11.3361         2.09192         11.3291         2.08971           23
         9.5625         -2.5796        -2.59756         -2.5782         -2.5796          11.348         2.09568         11.3412         2.09356           24
        9.58594        -2.58819        -2.60712        -2.58933        -2.58819         11.3599         2.09944         11.3535         2.09744           25
        9.60938        -2.59702        -2.61592        -2.59998        -2.59702         11.3718         2.10323         11.3659         2.10134           26
        9.63281         -2.6064         -2.6241        -2.61014         -2.6064         11.3839         2.10704         11.3783         2.10527           27
        9.65625        -2.61611        -2.63181        -2.61985        -2.61611          11.396         2.11088         11.3908         2.10921           28
        9.67969        -2.62592        -2.63918        -2.62914        -2.62592         11.4084         2.11476         11.4033         2.11318           29
        9.70312         -2.6356        -2.64634        -2.63805         -2.6356         11.4209         2.11867          11.416         2.11716           30
        9.72656        -2.64494        -2.65342        -2.64662        -2.64494         11.4335         2.12263         11.4288         2.12116           31
           9.75        -2.65382         -2.6605        -2.65488        -2.65382         11.4462         2.12663         11.4417         2.12519           32
        9.77344        -2.66213        -2.66764        -2.66288        -2.66213         11.4592         2.13067         11.4547         2.12925           33
        9.79688        -2.66978        -2.67488        -2.67066        -2.66978         11.4723         2.13477         11.4678         2.13336           34
        9.82031        -2.67673        -2.68221        -2.67823        -2.67673         11.4855         2.13891         11.4811         2.13751           35
        9.84375        -2.68332        -2.68962        -2.68563        -2.68332         11.4989          2.1431         11.4946         2.14172           36
        9.86719        -2.69005        -2.69706        -2.69287        -2.69005         11.5126         2.14735         11.5083         2.14599           37
        9.89062        -2.69741        -2.70449        -2.69997        -2.69741         11.5265         2.15165         11.5222         2.15032           38
        9.91406        -2.70585        -2.71184        -2.70694        -2.70585         11.5405           2.156         11.5363          2.1547           39
         9.9375        -2.71506        -2.71904        -2.71378        -2.71506         11.5547         2.16042         11.5506         2.15913           40
        9.96094        -2.72421        -2.72603         -2.7205        -2.72421         11.5692         2.16491          11.565          2.1636           41
        9.98438        -2.73242        -2.73275        -2.72712        -2.73242          11.584         2.16947         11.5797         2.16813           42
        10.0078        -2.73884        -2.73916        -2.73365        -2.73884          11.599         2.17411         11.5945         2.17273           43
        10.0312        -2.74336        -2.74524         -2.7401        -2.74336         11.6143         2.17883         11.6097         2.17742           44
        10.0547        -2.74705          -2.751         -2.7465        -2.74705           11.63         2.18366         11.6254         2.18223           45
        10.0781        -2.75109        -2.75644        -2.75288        -2.75109          11.646         2.18859         11.6414         2.18716           46
        10.1016        -2.75663        -2.76161        -2.75929        -2.75663         11.6625         2.19364         11.6579         2.19222           47
         10.125        -2.76439        -2.76658        -2.76576        -2.76439         11.6794         2.19882         11.6748         2.19739           48
        10.1484        -2.77354        -2.77146        -2.77235        -2.77354         11.6968         2.20414          11.692         2.20266           49
        10.1719        -2.78295        -2.77634        -2.77913        -2.78295         11.7147          2.2096         11.7095         2.20801           50
        10.1953        -2.79148        -2.78139        -2.78616        -2.79148         11.7332         2.21523         11.7274         2.21346           51
        10.2188         -2.7982        -2.78675         -2.7935         -2.7982         11.7523         2.22103         11.7457         2.21904           52
        10.2422        -2.80352         -2.7926        -2.80122        -2.80352          11.772         2.22701         11.7646         2.22477           53
        10.2656        -2.80847        -2.79911         -2.8094        -2.80847         11.7923         2.23317         11.7841         2.23069           54
        10.2891         -2.8141        -2.80644         -2.8181         -2.8141         11.8132         2.23952         11.8043          2.2368           55
        10.3125        -2.82141        -2.81476        -2.82737        -2.82141         11.8349         2.24606         11.8251          2.2431           56
        10.3359        -2.83075        -2.82417        -2.83728        -2.83075         11.8573          2.2528         11.8466         2.24958           57
        10.3594         -2.8419        -2.83477        -2.84788         -2.8419         11.8804         2.25973         11.8687         2.25624           58
        10.3828        -2.85458        -2.84659         -2.8592        -2.85458          11.904         2.26685         11.8914         2.26304           59
        10.4062        -2.86854        -2.85965        -2.87129        -2.86854         11.9285         2.27415         11.9145         2.26999           60
        10.4297        -2.88351         -2.8739        -2.88416        -2.88351         11.9535         2.28164         11.9383         2.27708           61
        10.4531        -2.89917        -2.88926        -2.89784        -2.89917         11.9793          2.2893         11.9625         2.28431           62
        10.4766        -2.91524        -2.90565        -2.91234        -2.91524         12.0057         2.29715         11.9872         2.29168           63
           10.5        -2.93139        -2.92296        -2.92768        -2.93139         12.0327         2.30517         12.0125         2.29919           64
        10.5234        -2.94744        -2.94109        -2.94386        -2.94744         12.0604         2.31337         12.0384         2.30688           65
        10.5469        -2.96372        -2.95994        -2.96088        -2.96372         12.0888         2.32176          12.065         2.31474           66
        10.5703        -2.98066        -2.97945        -2.97876        -2.98066          12.118         2.33034         12.0923         2.32279           67
        10.5938         -2.9987        -2.99959        -2.99749         -2.9987         12.1478         2.33912         12.1204         2.33104           68
        10.6172        -3.01821        -3.02037        -3.01708        -3.01821         12.1785         2.34811         12.1491         2.33948           69
        10.6406        -3.03909        -3.04182        -3.03756        -3.03909           12.21         2.35732         12.1785         2.34811           70
        10.6641        -3.06094        -3.06401        -3.05894        -3.06094         12.2424         2.36677         12.2086         2.35691           71
        10.6875        -3.08339        -3.08706        -3.08125        -3.08339         12.2758         2.37646         12.2394          2.3659           72
        10.7109        -3.10605        -3.11109        -3.10451        -3.10605           12.31         2.38642          12.271         2.37509           73
        10.7344        -3.12896        -3.13626        -3.12875        -3.12896         12.3454         2.39664         12.3034         2.38451           74
        10.7578        -3.15261         -3.1627        -3.15403        -3.15261         12.3818         2.40715         12.3367         2.39416           75
        10.7812        -3.17748        -3.19057        -3.18038        -3.17748         12.4193         2.41794         12.3711         2.40406           76
        10.8047         -3.2041        -3.22001        -3.20785         -3.2041         12.4579         2.42904         12.4063         2.41422           77
        10.8281        -3.23273        -3.25112        -3.23649        -3.23273         12.4977         2.44043         12.4425         2.42461           78
        10.8516        -3.26322        -3.28401        -3.26635        -3.26322         12.5386         2.45213         12.4796         2.43524           79
         10.875         -3.2953        -3.31871        -3.29749         -3.2953         12.5808         2.46414         12.5174         2.44608           80
        10.8984        -3.32874        -3.35528        -3.32996        -3.32874         12.6241         2.47645         12.5562         2.45715           81
        10.9219        -3.36336         -3.3937        -3.36382        -3.36336         12.6687         2.48909         12.5959         2.46843           82
        10.9453        -3.39931        -3.43396        -3.39913        -3.39931         12.7145         2.50205         12.6364         2.47995           83
        10.9688        -3.43682        -3.47604        -3.43595        -3.43682         12.7616         2.51535         12.6779          2.4917           84
        10.9922        -3.47614        -3.51995        -3.47433        -3.47614         12.8102         2.52901         12.7203         2.50368           85
        11.0156        -3.51749         -3.5657        -3.51436        -3.51749         12.8601         2.54304         12.7636         2.51588           86
        11.0391        -3.56074        -3.61338        -3.55609        -3.56074         12.9117         2.55748         12.8076         2.52829           87
        11.0625        -3.60556        -3.66315        -3.59962        -3.60556         12.9649         2.57236         12.8525         2.54091           88
        11.0859         -3.6516        -3.71524        -3.64503         -3.6516           13.02         2.58772         12.8983         2.55374           89
        11.1094        -3.69852        -3.76999         -3.6924        -3.69852          13.077         2.60362          12.945          2.5668           90
        11.1328        -3.74627        -3.82787        -3.74185        -3.74627         13.1362         2.62008         12.9927         2.58014           91
        11.1562        -3.79516        -3.88942        -3.79349        -3.79516         13.1976         2.63718         13.0417         2.59378           92
        11.1797        -3.84552        -3.95529        -3.84744        -3.84552         13.2616         2.65494         13.0919         2.60777           93
        11.2031        -3.89769         -4.0262        -3.90383        -3.89769         13.3282         2.67341         13.1436         2.62215           94
        11.2266        -3.95213         -4.1029        -3.96279        -3.95213         13.3975         2.69261         13.1969         2.63697           95
          11.25        -4.00966        -4.18619        -4.02448        -4.00966         13.4695         2.71257          13.252         2.65225           96
        11.2734        -4.07117        -4.27684        -4.08903        -4.07117         13.5442         2.73329         13.3088         2.66801           97
        11.2969        -4.13752        -4.37557        -4.15659        -4.13752         13.6216         2.75476         13.3673         2.68424           98
        11.3203        -4.20946        -4.48304        -4.22733        -4.20946         13.7013         2.77693         13.4274         2.70089           99
        11.3438        -4.28687        -4.59982        -4.30139        -4.28687         13.7833         2.79977         13.4887          2.7179          100
        11.3672        -4.36932        -4.72637        -4.37892        -4.36932         13.8671         2.82319         13.5511         2.73521          101
        11.3906        -4.45635        -4.86302        -4.46008        -4.45635         13.9524         2.84712         13.6144         2.75278          102
        11.4141        -4.54757        -5.00998          -4.545        -4.54757         14.0389         2.87146         13.6784         2.77057          103
        11.4375        -4.64302        -5.16737        -4.63382        -4.64302         14.1259         2.89611         13.7431         2.78857          104
        11.4609        -4.74307        -5.33517        -4.72668        -4.74307         14.2131         2.92096         13.8083         2.80675          105
        11.4844        -4.84812         -5.5133        -4.82369        -4.84812         14.3002         2.94591         13.8738         2.82506          106
        11.5078        -4.95855        -5.70163        -4.92498        -4.95855         14.3866         2.97086         13.9393         2.84345          107
        11.5312         -5.0742        -5.89997        -5.03065         -5.0742          14.472         2.99573         14.0047         2.86183          108
        11.5547        -5.19414        -6.10817        -5.14079        -5.19414         14.5562         3.02044         14.0695         2.88014          109
        11.5781        -5.31731        -6.32612        -5.25551        -5.31731         14.6389         3.04494         14.1337         2.89834          110
        11.6016         -5.4427        -6.55381        -5.37488         -5.4427         14.7201         3.06919         14.1974         2.91646          111
         11.625        -5.56991        -6.79137        -5.49898        -5.56991         14.7995         3.09317         14.2607         2.93456          112
        11.6484        -5.70062        -7.03909        -5.62788        -5.70062         14.8773         3.11689         14.3239         2.95272          113
        11.6719        -5.83693        -7.29753        -5.76163        -5.83693         14.9535         3.14034          14.387         2.97098          114
        11.6953        -5.98096        -7.56745        -5.90029        -5.98096         15.0282         3.16357         14.4499         2.98927          115
        11.7188        -6.13422        -7.84993        -6.04391        -6.13422         15.1015         3.18662          14.512         3.00743          116
        11.7422        -6.29402        -8.14633        -6.19252        -6.29402         15.1736         3.20954         14.5725         3.02527          117
        11.7656        -6.45577         -8.4583        -6.34616        -6.45577         15.2446          3.2324         14.6314         3.04272          118
        11.7891        -6.61486        -8.78777        -6.50486        -6.61486         15.3146         3.25533         14.6891          3.0599          119
        11.8125        -6.76719        -9.13691        -6.66865        -6.76719         15.3839         3.27858         14.7468         3.07723          120
        11.8359        -6.91879        -9.50814        -6.83756        -6.91879         15.4524         3.30274         14.8066         3.09532          121
        11.8594        -7.08493        -9.90401        -7.01159        -7.08493         15.5204         3.32998         14.8702         3.11472          122
        11.8828        -7.28126        -10.3272        -7.19078        -7.28126         15.5879         3.37571         14.9381         3.13557          123
        11.9062        -7.52311        -10.7806        -7.37514        -7.52311         15.6548         4.91708         15.0078         3.15719          124
        11.9297        -7.79718        -11.2669        -7.56468        -7.79718         15.7227         5.67909         15.0752         3.17833          125
        11.9531        -8.03696         -11.789        -7.75944        -8.03696         15.7879             5.9         15.1387         3.19842          126
        11.9766        -8.17017        -12.3496        -7.95942        -8.17017         15.8844             5.9         15.2256         3.22627          127
